45 45 45 45 45 45 45 45 45 45 45 45 45 45 45 45 45 45 45 45 45
124  32  32  32  32 124  32  32  32  32 124  32  32  32  32 124  32  32  32  32 124
124  32  32  32  32 124  32  32  32  32 124  32  32  32  32 124  32  32  32  32 124
45 45 45 45 45 45 45 45 45 45 45 45 45 45 45 45 45 45 45 45 45
124  32  32  32  32 124  32  32  32  32 124  32  32  32  32 124  32  32  32  32 124
124  32  32  32  32 124  32  32  32  32 124  32  32  32  32 124  32  32  32  32 124
45 45 45 45 45 96 45 45 45 45 45 45 45 45 45 45 45 45 45 45 45
124  32  32  32  32 124  32  32  32  32 124  32  32  32  32 124  32  32  32  32 124
124  32  32  32  32 124  32  32  32  32 124  32  32  32  32 124  32  32  32  32 124
45 45 45 45 45 45 45 45 45 45 45 45 45 45 45 45 45 45 45 45 45
124  32  32  32  32 124  32  32  32  32 124  32  32  32  32 124  32  32  32  32 124
124  32  32  32  32 124  32  32  32  32 124  32  32  32  32 124  32  32  32  32 124
45 45 45 45 45 45 45 45 45 45 45 45 45 45 45 45 45 45 45 45 45
